=================Distances==================
[[56310.17358347 13343.4345487  59079.14071161]
 [27622.98665966 42754.29560355 12065.26787473]
 [    0.         44658.34772905 39652.97467894]
 [39907.56344354  5505.69152988 41271.64950531]
 [49431.60742885 40553.83054109 15445.01366857]
 [36781.15013156 24366.7256634  58291.86078595]
 [45964.27823865  9917.52041703 39152.97107784]
 [45457.27005661 59228.87491381 13102.7580006 ]
 [63357.56997392 19955.43757698 54596.06938742]
 [34392.06351762 12693.73145384 34699.94525292]]
=================Cluster centres==================
[[48933.          5013.        ]
 [38143.33333333 48348.33333333]
 [ 9852.33333333 11725.66666667]]
=================Labels==================
[1 2 0 1 2 1 1 2 1 1]
('Cluster Radius : ', {0: 0.0, 1: 14297.090198307544, 2: 13537.679847963425})
=================Contingency Matrix==================
[[1 2 2]
 [0 4 1]]
